-10.0 -996.0
-9.9 -966.3
-9.8 -937.19
-9.7 -908.67
-9.6 -880.74
-9.5 -853.38
-9.4 -826.58
-9.3 -800.36
-9.2 -774.69
-9.1 -749.57
-9.0 -725.0
-8.9 -700.97
-8.8 -677.47
-8.7 -654.5
-8.6 -632.06
-8.5 -610.13
-8.4 -588.7
-8.3 -567.79
-8.2 -547.37
-8.1 -527.44
-8.0 -508.0
-7.9 -489.04
-7.8 -470.55
-7.7 -452.53
-7.6 -434.98
-7.5 -417.88
-7.4 -401.22
-7.3 -385.02
-7.2 -369.25
-7.1 -353.91
-7.0 -339.0
-6.9 -324.51
-6.8 -310.43
-6.7 -296.76
-6.6 -283.5
-6.5 -270.63
-6.4 -258.14
-6.3 -246.05
-6.2 -234.33
-6.1 -222.98
-6.0 -212.0
-5.9 -201.38
-5.8 -191.11
-5.7 -181.19
-5.6 -171.62
-5.5 -162.38
-5.4 -153.46
-5.3 -144.88
-5.2 -136.61
-5.1 -128.65
-5.0 -121.0
-4.9 -113.65
-4.8 -106.59
-4.7 -99.82
-4.6 -93.34
-4.5 -87.13
-4.4 -81.18
-4.3 -75.51
-4.2 -70.09
-4.1 -64.92
-4.0 -60.0
-3.9 -55.32
-3.8 -50.87
-3.7 -46.65
-3.6 -42.66
-3.5 -38.88
-3.4 -35.3
-3.3 -31.94
-3.2 -28.77
-3.1 -25.79
-3.0 -23.0
-2.9 -20.39
-2.8 -17.95
-2.7 -15.68
-2.6 -13.58
-2.5 -11.63
-2.4 -9.82
-2.3 -8.17
-2.2 -6.65
-2.1 -5.26
-2.0 -4.0
-1.9 -2.86
-1.8 -1.83
-1.7 -0.91
-1.6 -0.1
-1.5 0.62
-1.4 1.26
-1.3 1.8
-1.2 2.27
-1.1 2.67
-1.0 3.0
-0.9 3.27
-0.8 3.49
-0.7 3.66
-0.6 3.78
-0.5 3.87
-0.4 3.94
-0.3 3.97
-0.2 3.99
-0.1 4.0
-0.0 4.0
0.1 4.0
0.2 4.01
0.3 4.03
0.4 4.06
0.5 4.12
0.6 4.22
0.7 4.34
0.8 4.51
0.9 4.73
1.0 5.0
1.1 5.33
1.2 5.73
1.3 6.2
1.4 6.74
1.5 7.37
1.6 8.1
1.7 8.91
1.8 9.83
1.9 10.86
2.0 12.0
2.1 13.26
2.2 14.65
2.3 16.17
2.4 17.82
2.5 19.62
2.6 21.58
2.7 23.68
2.8 25.95
2.9 28.39
3.0 31.0
3.1 33.79
3.2 36.77
3.3 39.94
3.4 43.3
3.5 46.87
3.6 50.66
3.7 54.65
3.8 58.87
3.9 63.32
4.0 68.0
4.1 72.92
4.2 78.09
4.3 83.51
4.4 89.18
4.5 95.12
4.6 101.34
4.7 107.82
4.8 114.59
4.9 121.65
5.0 129.0
5.1 136.65
5.2 144.61
5.3 152.88
5.4 161.46
5.5 170.37
5.6 179.62
5.7 189.19
5.8 199.11
5.9 209.38
6.0 220.0
6.1 230.98
6.2 242.33
6.3 254.05
6.4 266.14
6.5 278.62
6.6 291.5
6.7 304.76
6.8 318.43
6.9 332.51
7.0 347.0
7.1 361.91
7.2 377.25
7.3 393.02
7.4 409.22
7.5 425.87
7.6 442.98
7.7 460.53
7.8 478.55
7.9 497.04
8.0 516.0
8.1 535.44
8.2 555.37
8.3 575.79
8.4 596.7
8.5 618.12
8.6 640.06
8.7 662.5
8.8 685.47
8.9 708.97
9.0 733.0
9.1 757.57
9.2 782.69
9.3 808.36
9.4 834.58
9.5 861.37
9.6 888.74
9.7 916.67
9.8 945.19
9.9 974.3
10.0 1004.0
10.1 1034.3
10.2 1065.21
10.3 1096.73
10.4 1128.86
10.5 1161.62
10.6 1195.02
10.7 1229.04
10.8 1263.71
10.9 1299.03
11.0 1335.0
11.1 1371.63
11.2 1408.93
11.3 1446.9
11.4 1485.54
11.5 1524.87
11.6 1564.9
11.7 1605.61
11.8 1647.03
11.9 1689.16
12.0 1732.0
12.1 1775.56
12.2 1819.85
12.3 1864.87
12.4 1910.62
12.5 1957.12
12.6 2004.38
12.7 2052.38
12.8 2101.15
12.9 2150.69
13.0 2201.0
13.1 2252.09
13.2 2303.97
13.3 2356.64
13.4 2410.1
13.5 2464.37
13.6 2519.46
13.7 2575.35
13.8 2632.07
13.9 2689.62
14.0 2748.0
14.1 2807.22
14.2 2867.29
14.3 2928.21
14.4 2989.98
14.5 3052.62
14.6 3116.14
14.7 3180.52
14.8 3245.79
14.9 3311.95
15.0 3379.0
15.1 3446.95
15.2 3515.81
15.3 3585.58
15.4 3656.26
15.5 3727.87
15.6 3800.42
15.7 3873.89
15.8 3948.31
15.9 4023.68
16.0 4100.0
16.1 4177.28
16.2 4255.53
16.3 4334.75
16.4 4414.94
16.5 4496.12
16.6 4578.3
16.7 4661.46
16.8 4745.63
16.9 4830.81
17.0 4917.0
17.1 5004.21
17.2 5092.45
17.3 5181.72
17.4 5272.02
17.5 5363.37
17.6 5455.78
17.7 5549.23
17.8 5643.75
17.9 5739.34
18.0 5836.0
18.1 5933.74
18.2 6032.57
18.3 6132.49
18.4 6233.5
18.5 6335.62
18.6 6438.86
18.7 6543.2
18.8 6648.67
18.9 6755.27
19.0 6863.0
19.1 6971.87
19.2 7081.89
19.3 7193.06
19.4 7305.38
19.5 7418.87
19.6 7533.54
19.7 7649.37
19.8 7766.39
19.9 7884.6
